Marker	Allele	BP	NDU1	NDU2	NDU3	NDU4	NDU6	NDU7
TH01	5	183	7	7	0	0	2	5
TH01	6	187	578	107	113	54	64	43
TH01	7	191	474	316	66	109	171	145
TH01	7.3	194	0	1	0	0	0	1
TH01	8	195	250	151	51	26	72	79
TH01	8.3	198	3	0	1	0	0	0
TH01	9	199	360	127	100	175	64	63
TH01	9.3	202	852	59	67	15	15	44
TH01	10	203	26	2	2	27	0	2
TH01	10.3	206	0	0	0	0	0	0
TH01	-10	NA	0	0	0	0	0	0
vWA	11	151	0	6	1	0	0	6
vWA	12	155	1	2	0	0	1	1
vWA	13	159	1	20	2	1	7	13
vWA	14	163	240	40	42	98	15	25
vWA	15	167	233	182	28	17	97	85
vWA	15.2	169	0	0	0	0	0	0
vWA	16	171	528	217	103	72	119	98
vWA	17	175	714	135	106	98	71	64
vWA	18	179	574	95	79	82	47	48
vWA	19	183	213	47	29	30	18	29
vWA	20	187	42	23	9	6	12	11
vWA	21	191	4	3	1	2	1	2
vWA	-10	NA	0	0	0	0	0	0
D18S51	7	261	0	1	0	0	1	0
D18S51	8	265	1	0	0	0	0	0
D18S51	9	269	3	1	0	1	0	1
D18S51	10	273	29	4	5	0	0	4
D18S51	10.2	275	0	2	0	0	0	2
D18S51	11	277	35	4	3	1	1	3
D18S51	12	281	381	47	34	25	26	21
D18S51	12.2	283	0	1	0	0	0	1
D18S51	13	285	299	16	51	61	7	9
D18S51	13.2	287	0	9	0	0	7	2
D18S51	14	289	410	35	110	87	18	17
D18S51	14.2	291	0	5	0	0	2	3
D18S51	15	293	380	116	67	73	64	52
D18S51	16	297	332	112	56	56	58	54
D18S51	16.2	299	0	1	0	0	1	0
D18S51	17	301	286	132	19	25	71	61
D18S51	17.2	0	0	2	0	0	2	0
D18S51	18	305	197	111	24	26	56	55
D18S51	19	309	118	85	18	13	39	46
D18S51	19.2	311	0	0	0	0	0	0
D18S51	20	313	45	50	7	9	22	28
D18S51	20.2	315	0	1	0	0	1	0
D18S51	21	317	22	24	2	9	10	14
D18S51	22	321	6	8	2	9	2	6
D18S51	22.2	323	0	1	0	0	0	1
D18S51	23	325	3	2	1	8	0	2
D18S51	24	329	3	0	0	3	0	0
D18S51	25	333	0	0	1	0	0	0
D18S51	-10	NA	0	0	0	0	0	0
D21S11	23.2	181	0	0	0	0	0	0
D21S11	24	183	0	1	0	0	1	0
D21S11	24.2	185	3	0	0	0	0	0
D21S11	25	187	0	0	0	0	0	0
D21S11	26	191	6	2	1	0	1	1
D21S11	26.2	193	1	0	0	0	0	0
D21S11	27	195	92	49	4	0	25	24
D21S11	27.1	196	0	1	0	0	1	0
D21S11	28	199	384	197	57	26	103	94
D21S11	28.2	201	0	0	0	2	0	0
D21S11	28.3	202	0	0	0	1	0	0
D21S11	29	203	565	124	82	107	65	59
D21S11	29.2	205	1	1	1	0	0	1
D21S11	29.3	206	1	0	0	0	0	0
D21S11	30	207	657	146	74	104	70	76
D21S11	30.2	209	78	14	17	5	7	7
D21S11	30.3	210	0	0	0	1	0	0
D21S11	31	211	181	57	17	31	34	23
D21S11	31.2	213	261	33	50	29	12	21
D21S11	32	215	34	13	6	15	5	8
D21S11	32.2	217	206	52	54	61	26	26
D21S11	33	219	3	6	1	3	3	3
D21S11	33.2	221	67	30	33	18	13	17
D21S11	34	223	0	5	0	1	3	2
D21S11	34.2	225	8	2	3	2	1	1
D21S11	35	227	0	26	0	0	15	11
D21S11	35.2	229	2	3	0	0	2	1
D21S11	36	231	0	6	0	0	1	5
D21S11	37	235	0	1	0	0	0	1
D21S11	38	239	0	1	0	0	0	1
D21S11	-10	NA	0	0	0	0	0	0
D8S1179	8	123	42	0	3	0	0	0
D8S1179	9	127	37	2	1	0	2	0
D8S1179	10	131	251	9	70	53	3	6
D8S1179	11	135	200	28	24	35	13	15
D8S1179	12	139	358	93	43	39	58	35
D8S1179	12.3	142	0	1	0	0	0	1
D8S1179	13	143	830	152	67	73	67	85
D8S1179	14	147	514	259	100	92	132	127
D8S1179	15	151	243	162	55	64	82	80
D8S1179	16	155	67	52	32	39	24	28
D8S1179	17	159	8	11	5	9	7	4
D8S1179	18	163	0	1	0	2	0	1
D8S1179	19	167	0	0	0	0	0	0
D8S1179	-10	NA	0	0	0	0	0	0
FGA	15	224	0	1	0	0	1	0
FGA	16.1	229	1	0	0	0	0	0
FGA	17	232	4	0	0	1	0	0
FGA	17.2	234	0	1	0	0	1	0
FGA	18	236	44	1	3	10	1	0
FGA	18.2	238	0	15	0	0	10	5
FGA	19	240	153	63	21	21	37	26
FGA	19.1	241	1	0	0	0	0	0
FGA	19.2	242	0	3	1	0	1	2
FGA	20	244	357	40	37	24	22	18
FGA	20.2	246	4	2	0	0	0	2
FGA	21	248	456	82	66	41	32	50
FGA	21.2	250	10	1	2	0	0	1
FGA	22	252	484	133	65	62	73	60
FGA	22.1	253	1	0	0	0	0	0
FGA	22.2	254	27	0	6	0	0	0
FGA	23	256	383	155	55	101	70	85
FGA	23.2	258	12	1	2	1	0	1
FGA	24	260	331	110	76	66	60	50
FGA	24.2	262	2	1	0	3	0	1
FGA	25	264	205	74	47	54	39	35
FGA	25.2	266	0	0	1	0	0	0
FGA	26	268	61	39	18	16	22	17
FGA	26.2	270	0	0	0	1	0	0
FGA	27	272	14	20	0	4	4	16
FGA	28	276	0	16	0	1	9	7
FGA	29	280	0	8	0	0	4	4
FGA	30.2	286	0	0	0	0	0	0
FGA	43.2	338	0	0	0	0	0	0
FGA	44.2	342	0	1	0	0	0	1
FGA	45.2	346	0	1	0	0	1	0
FGA	46.2	350	0	2	0	0	1	1
FGA	-10	NA	0	0	0	0	0	0
D3S1358	9	122	0	1	0	0	1	0
D3S1358	10	126	1	0	0	0	0	0
D3S1358	11	130	4	2	0	0	2	0
D3S1358	12	134	1	6	0	1	4	2
D3S1358	13	138	10	5	2	0	3	2
D3S1358	14	142	321	80	23	13	40	40
D3S1358	15	146	670	205	127	131	104	101
D3S1358	16	150	614	259	123	133	136	123
D3S1358	17	154	522	161	86	103	76	85
D3S1358	17.2	156	0	1	0	0	0	1
D3S1358	18	158	373	46	35	24	20	26
D3S1358	19	162	29	4	4	1	2	2
D3S1358	20	166	5	0	0	0	0	0
D3S1358	-10	NA	0	0	0	0	0	0
D16S539	4	224	0	0	0	0	0	0
D16S539	4.2	226	0	0	0	0	0	0
D16S539	5	228	0	0	0	0	0	0
D16S539	5.2	230	0	0	0	0	0	0
D16S539	6	232	0	0	0	0	0	0
D16S539	7	236	0	0	0	0	0	0
D16S539	7.2	238	0	0	0	0	0	0
D16S539	8	240	40	26	25	2	12	14
D16S539	8.2	242	0	0	0	0	0	0
D16S539	9	244	289	153	65	103	88	65
D16S539	9.2	246	0	0	0	0	0	0
D16S539	10	248	152	107	30	54	54	53
D16S539	10.2	250	0	0	0	0	0	0
D16S539	11	252	809	222	142	97	101	121
D16S539	11.2	254	0	0	0	0	0	0
D16S539	12	256	736	144	78	98	73	71
D16S539	12.2	258	0	0	0	0	0	0
D16S539	13	260	447	104	48	44	50	54
D16S539	13.2	262	0	0	0	0	0	0
D16S539	13.3	263	0	1	0	0	1	0
D16S539	14	264	75	11	11	6	7	4
D16S539	14.2	266	0	0	0	0	0	0
D16S539	15	268	2	2	1	2	2	0
D16S539	15.2	270	0	0	0	0	0	0
D16S539	16	272	0	0	0	0	0	0
D16S539	-10	NA	0	0	0	0	0	0
D19S433	4	106	0	0	0	1	0	0
D19S433	9	126	0	4	0	1	3	1
D19S433	10	130	1	3	0	0	2	1
D19S433	10.2	132	0	0	0	0	0	0
D19S433	11	134	9	66	0	0	37	29
D19S433	11.2	136	0	0	0	0	0	0
D19S433	12	138	200	100	26	12	52	48
D19S433	12.1	139	2	0	0	0	0	0
D19S433	12.2	140	4	29	3	4	17	12
D19S433	13	142	590	220	121	112	118	102
D19S433	13.2	144	36	39	4	13	16	23
D19S433	14	146	923	131	106	102	59	72
D19S433	14.2	148	51	42	20	55	18	24
D19S433	15	150	456	40	59	38	21	19
D19S433	15.2	152	103	51	23	55	23	28
D19S433	15.3	153	0	0	1	0	0	0
D19S433	16	154	111	7	23	4	4	3
D19S433	16.2	156	38	35	9	9	17	18
D19S433	17	158	14	1	4	0	0	1
D19S433	17.2	160	9	2	1	0	1	1
D19S433	18	162	1	0	0	0	0	0
D19S433	18.2	164	2	0	0	0	0	0
D19S433	19.2	168	0	0	0	0	0	0
D19S433	-10	NA	0	0	0	0	0	0
D2S1338	14	284	0	1	0	0	1	0
D2S1338	15	288	0	1	0	0	1	0
D2S1338	16	292	113	48	1	3	23	25
D2S1338	17	296	523	66	32	24	25	41
D2S1338	18	300	210	31	76	42	15	16
D2S1338	19	304	296	123	40	81	74	49
D2S1338	20	308	331	68	50	38	39	29
D2S1338	21	312	89	116	18	18	57	59
D2S1338	22	316	77	98	28	22	52	46
D2S1338	23	320	291	86	76	90	42	44
D2S1338	24	324	280	67	39	57	30	37
D2S1338	25	328	277	52	31	25	21	31
D2S1338	26	332	57	9	9	5	5	4
D2S1338	27	336	6	3	0	1	2	1
D2S1338	28	340	0	1	0	0	1	0
D2S1338	-10	NA	0	0	0	0	0	0
D1S1656	8	169	1	0	9	0	0	0
D1S1656	9	173	0	0	1	0	0	0
D1S1656	10	177	0	9	4	0	5	4
D1S1656	11	181	186	56	68	26	26	30
D1S1656	12	185	344	47	29	20	27	20
D1S1656	13	189	169	97	45	36	49	48
D1S1656	13.3	192	0	1	0	0	1	0
D1S1656	14	193	216	203	45	31	111	92
D1S1656	14.3	196	7	2	0	0	0	2
D1S1656	15	197	361	142	67	129	73	69
D1S1656	15.1	198	0	0	0	1	0	0
D1S1656	15.2	199	1	0	0	0	0	0
D1S1656	15.3	200	169	13	8	0	5	8
D1S1656	16	201	260	79	64	83	37	42
D1S1656	16.1	202	0	0	0	1	0	0
D1S1656	16.3	204	170	57	16	5	29	28
D1S1656	17	205	124	16	20	32	6	10
D1S1656	17.1	206	2	0	0	0	0	0
D1S1656	17.3	208	350	27	12	27	9	18
D1S1656	18	209	10	2	8	4	2	0
D1S1656	18.3	212	150	14	3	9	5	9
D1S1656	19	213	1	0	0	1	0	0
D1S1656	19.3	216	26	3	1	1	3	0
D1S1656	20	217	0	1	0	0	0	1
D1S1656	20.3	220	3	1	0	0	0	1
D1S1656	-10	NA	0	0	0	0	0	0
D2S441	8	75	5	0	1	0	0	0
D2S441	9	79	6	1	5	0	0	1
D2S441	9.1	80	0	0	1	12	0	0
D2S441	10	83	502	43	114	101	19	24
D2S441	10.3	86	0	1	0	0	1	0
D2S441	11	87	876	294	156	136	144	150
D2S441	11.3	90	133	25	10	32	14	11
D2S441	12	91	90	120	35	67	59	61
D2S441	12.3	94	1	4	0	0	2	2
D2S441	13	95	80	31	5	10	14	17
D2S441	13.3	98	0	2	0	0	1	1
D2S441	14	99	745	222	58	43	118	104
D2S441	15	103	104	26	10	5	15	11
D2S441	16	107	8	1	5	0	1	0
D2S441	-10	NA	0	0	0	0	0	0
D10S1248	8	75	0	1	0	3	0	1
D10S1248	9	79	0	0	0	0	0	0
D10S1248	10	83	0	1	0	0	1	0
D10S1248	11	87	11	34	4	0	15	19
D10S1248	12	91	92	121	8	35	60	61
D10S1248	12.3	94	0	1	0	0	1	0
D10S1248	13	95	792	184	52	144	95	89
D10S1248	14	99	792	198	135	95	95	103
D10S1248	15	103	426	149	98	74	76	73
D10S1248	16	107	339	60	79	46	36	24
D10S1248	17	111	78	17	22	8	8	9
D10S1248	18	115	18	4	2	1	1	3
D10S1248	19	119	2	0	0	0	0	0
D10S1248	-10	NA	0	0	0	0	0	0
D12S391	14	229	0	0	1	0	0	0
D12S391	14.1	230	0	1	0	0	1	0
D12S391	15	233	90	72	3	5	37	35
D12S391	16	237	72	58	3	1	24	34
D12S391	16.3	240	1	0	1	0	0	0
D12S391	17	241	271	112	57	31	53	59
D12S391	17.1	242	0	4	0	0	0	4
D12S391	17.3	244	71	0	0	0	0	0
D12S391	18	245	453	184	93	90	100	84
D12S391	18.1	246	0	1	0	0	0	1
D12S391	18.3	247	65	1	7	0	0	1
D12S391	19	248	276	124	57	86	69	55
D12S391	19.1	249	0	12	0	0	7	5
D12S391	19.2	250	0	1	1	0	0	1
D12S391	19.3	251	23	0	1	0	0	0
D12S391	20	252	310	87	53	78	47	40
D12S391	20.1	253	0	4	0	0	2	2
D12S391	20.3	255	1	0	0	0	0	0
D12S391	21	256	290	43	37	43	20	23
D12S391	21.3	259	2	0	0	0	0	0
D12S391	22	260	278	40	41	41	18	22
D12S391	23	264	198	19	27	22	7	12
D12S391	24	268	94	4	8	6	3	1
D12S391	25	272	45	3	9	3	0	3
D12S391	26	278	8	0	1	0	0	0
D12S391	27	282	2	0	0	0	0	0
D12S391	-10	NA	0	0	0	0	0	0
D22S1045	8	78	0	3	0	0	1	2
D22S1045	9	81	0	0	2	0	0	0
D22S1045	10	84	0	34	1	0	20	14
D22S1045	11	87	360	114	102	82	56	58
D22S1045	12	90	22	42	0	1	26	16
D22S1045	13	93	15	2	1	4	1	1
D22S1045	14	96	122	78	25	5	41	37
D22S1045	15	99	893	176	165	124	72	104
D22S1045	16	102	940	138	63	107	63	75
D22S1045	17	105	187	165	41	72	97	68
D22S1045	18	108	8	15	0	8	10	5
D22S1045	19	111	3	3	0	3	1	2
D22S1045	-10	NA	0	0	0	0	0	0
SE33	4.2	311	0	0	2	0	0	0
SE33	8	325	0	0	7	0	0	0
SE33	10	333	0	1	1	0	0	1
SE33	10.2	335	0	1	0	0	0	1
SE33	11	337	2	1	0	0	1	0
SE33	11.2	339	0	3	0	0	1	2
SE33	12	341	18	5	2	0	4	1
SE33	12.2	343	1	3	0	0	0	3
SE33	13	345	16	11	9	1	4	7
SE33	13.2	347	4	4	0	0	1	3
SE33	14	349	66	31	10	2	20	11
SE33	14.2	351	4	3	0	0	1	2
SE33	14.3	352	0	0	1	0	0	0
SE33	15	353	107	36	5	4	25	11
SE33	15.2	355	1	3	0	1	2	1
SE33	15.3	356	0	0	3	0	0	0
SE33	16	357	124	59	16	14	32	27
SE33	16.2	359	0	2	0	0	0	2
SE33	16.3	360	1	0	0	0	0	0
SE33	17	361	144	57	22	10	28	29
SE33	17.1	362	0	0	1	0	0	0
SE33	17.2	363	1	3	1	0	0	3
SE33	17.3	364	4	0	1	0	0	0
SE33	18	365	193	97	42	38	50	47
SE33	18.2	367	1	1	1	1	0	1
SE33	18.3	368	3	0	0	0	0	0
SE33	19	369	169	117	25	24	56	61
SE33	19.2	371	8	0	0	1	0	0
SE33	20	373	126	58	31	21	23	35
SE33	20.1	374	0	1	0	0	1	0
SE33	20.2	375	36	2	3	5	0	2
SE33	20.3	376	1	0	0	0	0	0
SE33	21	377	63	45	15	15	25	20
SE33	21.1	378	0	0	5	0	0	0
SE33	21.2	379	49	7	3	6	2	5
SE33	21.3	380	0	0	0	0	0	0
SE33	22	381	18	13	2	9	6	7
SE33	22.2	383	103	5	8	15	3	2
SE33	23	385	3	0	0	1	0	0
SE33	23.2	387	92	5	8	19	1	4
SE33	24	389	0	4	0	1	2	2
SE33	24.2	391	77	13	10	35	8	5
SE33	25	393	1	1	1	0	0	1
SE33	25.2	395	85	25	19	23	16	9
SE33	26	397	2	0	0	1	0	0
SE33	26.2	399	122	56	9	27	30	26
SE33	27	401	0	1	0	0	0	1
SE33	27.2	403	198	43	19	39	22	21
SE33	28	405	0	0	0	0	0	0
SE33	28.2	407	216	26	28	27	13	13
SE33	28.3	408	1	0	0	0	0	0
SE33	29	409	0	2	1	0	0	2
SE33	29.2	411	185	15	36	35	6	9
SE33	30	413	2	0	0	0	0	0
SE33	30.2	415	154	5	21	17	2	3
SE33	31.2	419	86	4	15	6	3	1
SE33	32	421	5	0	0	0	0	0
SE33	32.1	422	0	0	1	0	0	0
SE33	32.2	423	17	0	10	4	0	0
SE33	33	425	11	0	1	0	0	0
SE33	33.2	427	14	1	3	1	0	1
SE33	34	429	6	0	1	0	0	0
SE33	34.2	431	1	0	1	0	0	0
SE33	35	433	5	0	0	0	0	0
SE33	35.2	435	0	0	0	3	0	0
SE33	36	437	2	0	0	0	0	0
SE33	37	441	1	0	0	0	0	0
SE33	38	445	1	0	0	0	0	0
SE33	-10	NA	0	0	0	0	0	0
